83816
83969
83989
84013
84084
84107
84108
84120
84121
84129
84134
84138
84141
84142
84155
84202
84202
84208
84209
84210
84227
84238
84291
84292
84395
84408
84439
84446
84449
84504
84432
84535
84535
84536
84537
84545
84560
84583
84584
84604
84699
84700
84638
84641
84689
84690
84718
84729
84729
84733
84733
84866
84867
84746
84746
84746
84746
84869
84869
84915
84821
85033
85012
85068
85083
85089
85106
85168
85174
85177
85177
85117
85202
85211
85286
85290
85291
85294
85298
85300
85315
85316
85337
85337
85337
85339
85340
85309
85353
85374
85382
85423
85424
85433
85434
85436
85437
85438
85441
85442
85443
85444
85445
85446
85447
85390
85391
85391
85392
85393
85394
85448
85449
85450
85451
85466
85477
85479
85480
85481
85482
85485
85487
85489
85490
85494
85495
85496
85497
85498
85499
85500
85501
85509
85511
85397
85398
85535
85539
85540
85541
85542
85550
85566
85567
85568
85569
85570
85574
85577
85579
85580
85589
85413
85416
85561
85563
85565
85598
85599
85600
85601
85602
85606
85607
85608
85609
85611
85612
85614
85615
85618
85619
85621
85622
85623
85625
85627
85629
85630
85631
85633